{
  "asset": {
    "version": "2.0",
    "generator": "GLTFExporter"
  },
  "scenes": [
    {
      "name": "AuxScene",
      "nodes": [
        135
      ]
    }
  ],
  "scene": 0,
  "nodes": [
    {
      "rotation": [
        -0.707106838787704,
        0,
        0,
        0.7071067235853865
      ],
      "translation": [
        0,
        342.5511779785156,
        0
      ],
      "scale": [
        99.06883239746094,
        99.06883239746092,
        99.06883239746092
      ],
      "name": "body",
      "extras": {
        "transformData": {
          "inheritType": 1,
          "eulerOrder": "ZYX",
          "translation": [
            0,
            342.5511779785156,
            0
          ],
          "rotation": [
            -90.00000933466734,
            0,
            0
          ],
          "scale": [
            99.06883239746094,
            99.06883239746094,
            99.06883239746094
          ],
          "parentMatrixWorld": {
            "elements": [
              1,
              0,
              0,
              0,
              0,
              1,
              0,
              0,
              0,
              0,
              1,
              0,
              0,
              -255.4993554667812,
              18.66277534132508,
              1
            ]
          }
        }
      },
      "mesh": 0,
      "skin": 0
    },
    {
      "rotation": [
        -0.00022299177831693092,
        0.11421236888079732,
        0.007983474499584194,
        0.993424254386925
      ],
      "translation": [
        32.89722442626953,
        356.53997802734375,
        75.91505432128906
      ],
      "scale": [
        7.344384670257568,
        7.344385147094727,
        0.9087890982627868
      ],
      "name": "eye",
      "extras": {
        "transformData": {
          "inheritType": 1,
          "eulerOrder": "ZYX",
          "translation": [
            32.89722442626953,
            356.53997802734375,
            75.91505432128906
          ],
          "rotation": [
            0.08121985382377775,
            13.116173626394627,
            0.9302117873570875
          ],
          "scale": [
            7.344384670257568,
            7.344385147094727,
            0.9087890982627869
          ],
          "parentMatrixWorld": {
            "elements": [
              1,
              0,
              0,
              0,
              0,
              1,
              0,
              0,
              0,
              0,
              1,
              0,
              0,
              -255.4993554667812,
              18.66277534132508,
              1
            ]
          }
        }
      },
      "mesh": 1,
      "skin": 1
    },
    {
      "rotation": [
        0.11743056774139404,
        -4.010776312561697e-24,
        -2.607482567462119e-17,
        0.9930810928344727
      ],
      "translation": [
        -3.543644126457335e-16,
        328.3652648925781,
        72.01213073730469
      ],
      "scale": [
        2.279743194580078,
        2.2797434329986572,
        0.6122128963470459
      ],
      "name": "lips",
      "extras": {
        "transformData": {
          "inheritType": 1,
          "eulerOrder": "ZYX",
          "translation": [
            -3.5436441264573347e-16,
            328.3652648925781,
            72.01213073730469
          ],
          "rotation": [
            13.487672737993499,
            3.508767840699421e-16,
            -2.967281491337347e-15
          ],
          "scale": [
            2.279743194580078,
            2.2797434329986572,
            0.6122128963470459
          ],
          "parentMatrixWorld": {
            "elements": [
              1,
              0,
              0,
              0,
              0,
              1,
              0,
              0,
              0,
              0,
              1,
              0,
              0,
              -255.4993554667812,
              18.66277534132508,
              1
            ]
          }
        }
      },
      "mesh": 2,
      "skin": 2
    },
    {
      "rotation": [
        -0.7071068387877039,
        0,
        0,
        0.7071067235853865
      ],
      "translation": [
        33.75860595703125,
        369.55804443359375,
        74.56312561035156
      ],
      "scale": [
        6.876033782958984,
        2.640151023864746,
        2.640151023864746
      ],
      "name": "eye-brow",
      "extras": {
        "transformData": {
          "inheritType": 1,
          "eulerOrder": "ZYX",
          "translation": [
            33.75860595703125,
            369.55804443359375,
            74.56312561035156
          ],
          "rotation": [
            -90.00000933466734,
            0,
            0
          ],
          "scale": [
            6.876033782958984,
            2.640151023864746,
            2.640151023864746
          ],
          "parentMatrixWorld": {
            "elements": [
              1,
              0,
              0,
              0,
              0,
              1,
              0,
              0,
              0,
              0,
              1,
              0,
              0,
              -255.4993554667812,
              18.66277534132508,
              1
            ]
          }
        }
      },
      "mesh": 3,
      "skin": 3
    },
    {
      "rotation": [
        -0.7071068387877038,
        0,
        0,
        0.7071067235853865
      ],
      "translation": [
        -0.23293711245059967,
        380.5575866699219,
        -8.35533618927002
      ],
      "scale": [
        83.0719985961914,
        83.0719985961914,
        68.19559478759766
      ],
      "name": "hair2",
      "extras": {
        "transformData": {
          "inheritType": 1,
          "eulerOrder": "ZYX",
          "translation": [
            -0.23293711245059967,
            380.5575866699219,
            -8.35533618927002
          ],
          "rotation": [
            -90.00000933466734,
            0,
            0
          ],
          "scale": [
            83.0719985961914,
            83.0719985961914,
            68.19559478759766
          ],
          "parentMatrixWorld": {
            "elements": [
              1,
              0,
              0,
              0,
              0,
              1,
              0,
              0,
              0,
              0,
              1,
              0,
              0,
              -255.4993554667812,
              18.66277534132508,
              1
            ]
          }
        }
      },
      "mesh": 4,
      "skin": 4
    },
    {
      "rotation": [
        -0.7071068387877038,
        0,
        0,
        0.7071067235853865
      ],
      "translation": [
        -0.23293711245059967,
        384.7719421386719,
        -0.939480185508728
      ],
      "scale": [
        73.2353744506836,
        81.1705322265625,
        57.318870544433594
      ],
      "name": "hair-front",
      "extras": {
        "transformData": {
          "inheritType": 1,
          "eulerOrder": "ZYX",
          "translation": [
            -0.23293711245059967,
            384.7719421386719,
            -0.939480185508728
          ],
          "rotation": [
            -90.00000933466734,
            0,
            0
          ],
          "scale": [
            73.2353744506836,
            81.1705322265625,
            57.318870544433594
          ],
          "parentMatrixWorld": {
            "elements": [
              1,
              0,
              0,
              0,
              0,
              1,
              0,
              0,
              0,
              0,
              1,
              0,
              0,
              -255.4993554667812,
              18.66277534132508,
              1
            ]
          }
        }
      },
      "mesh": 5,
      "skin": 5
    },
    {
      "rotation": [
        -0.6705186277232614,
        0,
        0,
        0.7418926943137494
      ],
      "translation": [
        0,
        350.3240661621094,
        0
      ],
      "scale": [
        133.4515380859375,
        133.45155334472656,
        133.45155334472656
      ],
      "name": "coat",
      "extras": {
        "transformData": {
          "inheritType": 1,
          "eulerOrder": "ZYX",
          "translation": [
            0,
            350.3240661621094,
            0
          ],
          "rotation": [
            -84.21421073026289,
            0,
            0
          ],
          "scale": [
            133.4515380859375,
            133.45155334472656,
            133.45155334472656
          ],
          "parentMatrixWorld": {
            "elements": [
              1,
              0,
              0,
              0,
              0,
              1,
              0,
              0,
              0,
              0,
              1,
              0,
              0,
              -255.4993554667812,
              18.66277534132508,
              1
            ]
          }
        }
      },
      "mesh": 6,
      "skin": 6
    },
    {
      "rotation": [
        -0.7071068387877039,
        0,
        0,
        0.7071067235853865
      ],
      "translation": [
        25.797039031982422,
        225.01730346679688,
        3.6194310188293457
      ],
      "scale": [
        102.08161163330078,
        102.08161163330077,
        102.08161163330077
      ],
      "name": "shirt",
      "extras": {
        "transformData": {
          "inheritType": 1,
          "eulerOrder": "ZYX",
          "translation": [
            25.797039031982422,
            225.01730346679688,
            3.6194310188293457
          ],
          "rotation": [
            -90.00000933466734,
            0,
            0
          ],
          "scale": [
            102.08161163330078,
            102.08161163330078,
            102.08161163330078
          ],
          "parentMatrixWorld": {
            "elements": [
              1,
              0,
              0,
              0,
              0,
              1,
              0,
              0,
              0,
              0,
              1,
              0,
              0,
              -255.4993554667812,
              18.66277534132508,
              1
            ]
          }
        }
      },
      "mesh": 7,
      "skin": 7
    },
    {
      "rotation": [
        -0.707106838787704,
        0,
        0,
        0.7071067235853865
      ],
      "translation": [
        20.00391387939453,
        140.9820098876953,
        10.350753784179688
      ],
      "scale": [
        103.21086883544922,
        103.2108688354492,
        103.2108688354492
      ],
      "name": "pants",
      "extras": {
        "transformData": {
          "inheritType": 1,
          "eulerOrder": "ZYX",
          "translation": [
            20.00391387939453,
            140.9820098876953,
            10.350753784179688
          ],
          "rotation": [
            -90.00000933466734,
            0,
            0
          ],
          "scale": [
            103.21086883544922,
            103.21086883544922,
            103.21086883544922
          ],
          "parentMatrixWorld": {
            "elements": [
              1,
              0,
              0,
              0,
              0,
              1,
              0,
              0,
              0,
              0,
              1,
              0,
              0,
              -255.4993554667812,
              18.66277534132508,
              1
            ]
          }
        }
      },
      "mesh": 8,
      "skin": 8
    },
    {
      "rotation": [
        -0.7071068387877038,
        0,
        0,
        0.7071067235853865
      ],
      "translation": [
        19.362045288085938,
        10.36384105682373,
        20.1676025390625
      ],
      "scale": [
        137.26153564453125,
        137.26153564453125,
        129.94076538085938
      ],
      "name": "boot",
      "extras": {
        "transformData": {
          "inheritType": 1,
          "eulerOrder": "ZYX",
          "translation": [
            19.362045288085938,
            10.36384105682373,
            20.1676025390625
          ],
          "rotation": [
            -90.00000933466734,
            0,
            0
          ],
          "scale": [
            137.26153564453125,
            137.26153564453125,
            129.94076538085938
          ],
          "parentMatrixWorld": {
            "elements": [
              1,
              0,
              0,
              0,
              0,
              1,
              0,
              0,
              0,
              0,
              1,
              0,
              0,
              -255.4993554667812,
              18.66277534132508,
              1
            ]
          }
        }
      },
      "mesh": 9,
      "skin": 9
    },
    {
      "name": "mixamorigHips"
    },
    {
      "name": "mixamorigHips",
      "children": [
        10
      ]
    },
    {
      "name": "mixamorigHips",
      "children": [
        11
      ]
    },
    {
      "name": "mixamorigSpine"
    },
    {
      "name": "mixamorigSpine",
      "children": [
        13
      ]
    },
    {
      "name": "mixamorigSpine",
      "children": [
        14
      ]
    },
    {
      "name": "mixamorigSpine1"
    },
    {
      "name": "mixamorigSpine1",
      "children": [
        16
      ]
    },
    {
      "name": "mixamorigSpine2"
    },
    {
      "name": "mixamorigSpine2",
      "children": [
        18
      ]
    },
    {
      "name": "mixamorigSpine2",
      "children": [
        19
      ]
    },
    {
      "name": "mixamorigSpine2",
      "children": [
        20
      ]
    },
    {
      "name": "mixamorigNeck"
    },
    {
      "name": "mixamorigNeck",
      "children": [
        22
      ]
    },
    {
      "name": "mixamorigNeck",
      "children": [
        23
      ]
    },
    {
      "name": "mixamorigNeck",
      "children": [
        24
      ]
    },
    {
      "name": "mixamorigNeck",
      "children": [
        25
      ]
    },
    {
      "name": "mixamorigHead"
    },
    {
      "name": "mixamorigHead",
      "children": [
        27
      ]
    },
    {
      "name": "mixamorigHead",
      "children": [
        28
      ]
    },
    {
      "name": "mixamorigHead",
      "children": [
        29
      ]
    },
    {
      "name": "mixamorigHead",
      "children": [
        30
      ]
    },
    {
      "name": "mixamorigHead",
      "children": [
        31
      ]
    },
    {
      "translation": [
        0,
        155.2008056640625,
        2.794692039489746
      ],
      "name": "mixamorigHeadTop_End",
      "extras": {
        "transformData": {
          "eulerOrder": "ZYX",
          "translation": [
            0,
            155.2008056640625,
            2.794692039489746
          ],
          "parentMatrixWorld": {
            "elements": [
              1,
              0,
              0,
              0,
              0,
              1,
              0,
              0,
              0,
              0,
              1,
              0,
              0,
              44.853759765625,
              0.8076791763305664,
              1
            ]
          }
        }
      }
    },
    {
      "translation": [
        0,
        44.853759765625,
        0.8076791763305664
      ],
      "name": "mixamorigHead",
      "extras": {
        "transformData": {
          "eulerOrder": "ZYX",
          "translation": [
            0,
            44.853759765625,
            0.8076791763305664
          ],
          "parentMatrixWorld": {
            "elements": [
              1,
              0,
              0,
              0,
              0,
              0.9992777619499309,
              0.03799940094707995,
              0,
              0,
              -0.03799940094707995,
              0.9992777619499309,
              0,
              0,
              30.109728602587268,
              -8.731402392214704e-7,
              1
            ]
          }
        }
      },
      "children": [
        32,
        33
      ]
    },
    {
      "rotation": [
        0.01900313197961002,
        0,
        0,
        0.9998194241836701
      ],
      "translation": [
        0,
        30.109728602587268,
        -8.731402392214704e-7
      ],
      "scale": [
        1,
        0.9999999999999999,
        0.9999999999999999
      ],
      "name": "mixamorigNeck",
      "extras": {
        "transformData": {
          "eulerOrder": "ZYX",
          "translation": [
            0,
            30.109728602587268,
            -8.731402392214704e-7
          ],
          "preRotation": [
            2.1777296032685114,
            0,
            0
          ],
          "parentMatrixWorld": {
            "elements": [
              1,
              0,
              0,
              0,
              0,
              1,
              0,
              0,
              0,
              0,
              1,
              0,
              0,
              26.764235080348357,
              -2.678818944445993e-8,
              1
            ]
          }
        }
      },
      "children": [
        26,
        34
      ]
    },
    {
      "name": "mixamorigLeftShoulder"
    },
    {
      "name": "mixamorigLeftShoulder",
      "children": [
        36
      ]
    },
    {
      "name": "mixamorigLeftShoulder",
      "children": [
        37
      ]
    },
    {
      "name": "mixamorigLeftArm"
    },
    {
      "name": "mixamorigLeftArm",
      "children": [
        39
      ]
    },
    {
      "name": "mixamorigLeftArm",
      "children": [
        40
      ]
    },
    {
      "name": "mixamorigLeftForeArm"
    },
    {
      "name": "mixamorigLeftForeArm",
      "children": [
        42
      ]
    },
    {
      "name": "mixamorigLeftHand"
    },
    {
      "name": "mixamorigLeftHandThumb1"
    },
    {
      "name": "mixamorigLeftHandThumb2"
    },
    {
      "rotation": [
        9.84476172940668e-9,
        -2.775557592757482e-17,
        2.732470316694299e-25,
        1
      ],
      "translation": [
        1.2090470389966583,
        5.829570866717184,
        3.699608441820601e-8
      ],
      "scale": [
        1,
        0.9999999999999999,
        0.9999999999999999
      ],
      "name": "mixamorigLeftHandThumb4",
      "extras": {
        "transformData": {
          "eulerOrder": "ZYX",
          "translation": [
            1.2090470389966583,
            5.829570866717184,
            3.699608441820601e-8
          ],
          "preRotation": [
            0.000001128126594813832,
            -3.1805547172098845e-15,
            0
          ],
          "parentMatrixWorld": {
            "elements": [
              1,
              5.551115123125784e-17,
              3.0814879110195774e-33,
              0,
              -5.3548112544126966e-17,
              0.9646370388004941,
              0.26358183430239246,
              0,
              1.4631731065772456e-17,
              -0.26358183430239246,
              0.9646370388004941,
              0,
              -1.2670078671376643,
              6.81905145067325,
              -5.0181370170321316e-9,
              1
            ]
          }
        }
      }
    },
    {
      "rotation": [
        0.1329717285732306,
        3.690706867155187e-18,
        2.7509101413452757e-17,
        0.9911198309993836
      ],
      "translation": [
        -1.2670078671376643,
        6.81905145067325,
        -5.0181370170321316e-9
      ],
      "name": "mixamorigLeftHandThumb3",
      "extras": {
        "transformData": {
          "eulerOrder": "ZYX",
          "translation": [
            -1.2670078671376643,
            6.81905145067325,
            -5.0181370170321316e-9
          ],
          "preRotation": [
            15.282702180977791,
            0,
            3.1805546814635176e-15
          ],
          "parentMatrixWorld": {
            "elements": [
              1,
              -5.551115123125783e-17,
              -1.3877787807814457e-17,
              0,
              5.72117844042832e-17,
              0.9660055732965672,
              0.25852124160302664,
              0,
              -9.447913717422386e-19,
              -0.25852124160302664,
              0.9660055732965672,
              0,
              0.05796095364459575,
              6.6852955560414955,
              3.96526900203753e-8,
              1
            ]
          }
        }
      },
      "children": [
        47
      ]
    },
    {
      "rotation": [
        0.13037336135774202,
        3.2610825465312417e-18,
        -2.8423327866196184e-17,
        0.9914649699552092
      ],
      "translation": [
        0.05796095364459575,
        6.6852955560414955,
        3.96526900203753e-8
      ],
      "name": "mixamorigLeftHandThumb2",
      "extras": {
        "transformData": {
          "eulerOrder": "ZYX",
          "translation": [
            0.05796095364459575,
            6.6852955560414955,
            3.96526900203753e-8
          ],
          "preRotation": [
            14.982335932307171,
            7.951386703658792e-16,
            -3.1805546814635168e-15
          ],
          "parentMatrixWorld": {
            "elements": [
              0.7318239936763814,
              0.6814936846952813,
              -2.840517071556192e-9,
              0,
              -0.6772395239071866,
              0.7272556501619911,
              -0.11156095448420561,
              0,
              -0.07602808387378175,
              0.08164298517269081,
              0.9937575928940483,
              0,
              -5.6064141732048896,
              6.126775206548189,
              -0.932253172594443,
              1
            ]
          }
        }
      },
      "children": [
        46,
        48
      ]
    },
    {
      "rotation": [
        -0.05198737976745462,
        -0.020457661105080165,
        0.36560837964127535,
        0.9290905817965788
      ],
      "translation": [
        -5.6064141732048896,
        6.126775206548189,
        -0.932253172594443
      ],
      "scale": [
        0.9999999999999999,
        1,
        1
      ],
      "name": "mixamorigLeftHandThumb1",
      "extras": {
        "transformData": {
          "eulerOrder": "ZYX",
          "translation": [
            -5.6064141732048896,
            6.126775206548189,
            -0.932253172594443
          ],
          "preRotation": [
            -6.405305580338935,
            1.6274963974309333e-7,
            42.960475385167435
          ],
          "parentMatrixWorld": {
            "elements": [
              0.9581262589836259,
              0.17505783624732615,
              -0.22660279304202377,
              0,
              -0.21751025901452622,
              0.9596273585824816,
              -0.17833849804078467,
              0,
              0.18623468814771224,
              0.22015923016856137,
              0.95752104640165,
              0,
              3.558400685221841e-8,
              46.83821052020261,
              -1.0445441489537188e-7,
              1
            ]
          }
        }
      },
      "children": [
        45,
        49
      ]
    },
    {
      "rotation": [
        -1.131673466742774e-9,
        4.1633361265319374e-17,
        1.3877787140790203e-17,
        1
      ],
      "translation": [
        -0.02895606184091548,
        3.9573886302396346,
        1.2694044926320203e-7
      ],
      "name": "mixamorigLeftHandIndex4",
      "extras": {
        "transformData": {
          "eulerOrder": "ZYX",
          "translation": [
            -0.02895606184091548,
            3.9573886302396346,
            1.2694044926320203e-7
          ],
          "preRotation": [
            -1.2968022686259896e-7,
            4.770831776692156e-15,
            1.5902772588973854e-15
          ],
          "parentMatrixWorld": {
            "elements": [
              1,
              -1.925929944387236e-34,
              -2.775557561562892e-17,
              0,
              2.253486453658417e-18,
              0.9966986093948779,
              0.08119040602384407,
              0,
              2.7663943619051725e-17,
              -0.08119040602384407,
              0.9966986093948779,
              0,
              0.009271205155336304,
              4.463468671807661,
              -4.89700369143975e-8,
              1
            ]
          }
        }
      }
    },
    {
      "rotation": [
        0.040628749704624934,
        1.386632907757123e-17,
        -5.638371672975891e-19,
        0.9991743114679437
      ],
      "translation": [
        0.009271205155336304,
        4.463468671807661,
        -4.89700369143975e-8
      ],
      "name": "mixamorigLeftHandIndex3",
      "extras": {
        "transformData": {
          "eulerOrder": "ZYX",
          "translation": [
            0.009271205155336304,
            4.463468671807661,
            -4.89700369143975e-8
          ],
          "preRotation": [
            4.656993582570316,
            1.5902773407317584e-15,
            0
          ],
          "parentMatrixWorld": {
            "elements": [
              1,
              -4.81482486096809e-35,
              -2.7755575615628914e-17,
              0,
              4.675234744421204e-19,
              0.9998581245735798,
              0.016844308362275948,
              0,
              2.775163778150291e-17,
              -0.016844308362275948,
              0.9998581245735798,
              0,
              0.019684848442487635,
              4.891620316069108,
              7.163549753386178e-8,
              1
            ]
          }
        }
      },
      "children": [
        51
      ]
    },
    {
      "rotation": [
        0.008422452921210978,
        1.3877295569818992e-17,
        -1.1688501446187296e-19,
        0.9999645305143529
      ],
      "translation": [
        0.019684848442487635,
        4.891620316069108,
        7.163549753386178e-8
      ],
      "scale": [
        1,
        0.9999999999999999,
        0.9999999999999999
      ],
      "name": "mixamorigLeftHandIndex2",
      "extras": {
        "transformData": {
          "eulerOrder": "ZYX",
          "translation": [
            0.019684848442487635,
            4.891620316069108,
            7.163549753386178e-8
          ],
          "preRotation": [
            0.9651534222581767,
            1.5902773407317584e-15,
            0
          ],
          "parentMatrixWorld": {
            "elements": [
              0.9999982728700539,
              0.0018585631302530867,
              -7.999473256221391e-9,
              0,
              -0.001750242040822116,
              0.9417176529856286,
              0.3363997602675092,
              0,
              0.0006252277247043499,
              -0.33639917924740836,
              0.9417192794521955,
              0,
              -5.71117882714141,
              20.42799949044553,
              -1.0644127998851332,
              1
            ]
          }
        }
      },
      "children": [
        52
      ]
    },
    {
      "rotation": [
        0.17070540444888513,
        0.00015863746344276655,
        0.0009156413753413198,
        0.9853216740369458
      ],
      "translation": [
        -5.71117882714141,
        20.42799949044553,
        -1.0644127998851332
      ],
      "name": "mixamorigLeftHandIndex1",
      "extras": {
        "transformData": {
          "eulerOrder": "ZYX",
          "translation": [
            -5.71117882714141,
            20.42799949044553,
            -1.0644127998851332
          ],
          "preRotation": [
            19.6576791392474,
            4.58336055915341e-7,
            0.10648788462827016
          ],
          "parentMatrixWorld": {
            "elements": [
              0.9581262589836259,
              0.17505783624732615,
              -0.22660279304202377,
              0,
              -0.21751025901452622,
              0.9596273585824816,
              -0.17833849804078467,
              0,
              0.18623468814771224,
              0.22015923016856137,
              0.95752104640165,
              0,
              3.558400685221841e-8,
              46.83821052020261,
              -1.0445441489537188e-7,
              1
            ]
          }
        }
      },
      "children": [
        53
      ]
    },
    {
      "rotation": [
        2.5392133472408102e-9,
        0,
        0,
        1
      ],
      "translation": [
        -0.040004033647250026,
        3.370292131372395,
        -4.494228278417722e-8
      ],
      "name": "mixamorigLeftHandMiddle4",
      "extras": {
        "transformData": {
          "eulerOrder": "ZYX",
          "translation": [
            -0.040004033647250026,
            3.370292131372395,
            -4.494228278417722e-8
          ],
          "preRotation": [
            2.909724161603704e-7,
            0,
            0
          ],
          "parentMatrixWorld": {
            "elements": [
              1,
              1.5407439555097887e-33,
              -2.775557561562892e-17,
              0,
              7.87922569704196e-18,
              0.958860104565422,
              0.28387902330532955,
              0,
              2.6613714137075427e-17,
              -0.28387902330532955,
              0.958860104565422,
              0,
              0.016657441944154527,
              5.1013695204811285,
              -1.3020610367675545e-8,
              1
            ]
          }
        }
      }
    },
    {
      "rotation": [
        0.14342227064612026,
        1.373431347437516e-17,
        -1.9903838389417934e-18,
        0.9896615847261683
      ],
      "translation": [
        0.016657441944154527,
        5.1013695204811285,
        -1.3020610367675545e-8
      ],
      "name": "mixamorigLeftHandMiddle3",
      "extras": {
        "transformData": {
          "eulerOrder": "ZYX",
          "translation": [
            0.016657441944154527,
            5.1013695204811285,
            -1.3020610367675545e-8
          ],
          "preRotation": [
            16.49185407217312,
            1.5902773407317588e-15,
            0
          ],
          "parentMatrixWorld": {
            "elements": [
              1,
              -3.469446951953614e-18,
              -2.407412430484045e-35,
              0,
              3.4665296325978737e-18,
              0.9991591399447401,
              0.041000159327578875,
              0,
              -1.422478778086811e-19,
              -0.041000159327578875,
              0.9991591399447401,
              0,
              0.02334658073046114,
              4.8941589205552845,
              -4.125001851207344e-8,
              1
            ]
          }
        }
      },
      "children": [
        55
      ]
    },
    {
      "rotation": [
        0.020504390447654043,
        -3.556944747014006e-20,
        -1.7343587727202598e-18,
        0.999789762886363
      ],
      "translation": [
        0.02334658073046114,
        4.8941589205552845,
        -4.125001851207344e-8
      ],
      "scale": [
        1,
        0.9999999999999999,
        0.9999999999999999
      ],
      "name": "mixamorigLeftHandMiddle2",
      "extras": {
        "transformData": {
          "eulerOrder": "ZYX",
          "translation": [
            0.02334658073046114,
            4.8941589205552845,
            -4.125001851207344e-8
          ],
          "preRotation": [
            2.34979474194072,
            0,
            -1.987846675914698e-16
          ],
          "parentMatrixWorld": {
            "elements": [
              0.9883659629277424,
              -0.15209445527670104,
              -1.620764129156571e-8,
              0,
              0.14303994416949517,
              0.929526368271049,
              0.33988278135383915,
              0,
              -0.0516942714225123,
              -0.33592857479368665,
              0.9404678064342118,
              0,
              -2.1348037483860907,
              20.822290944094448,
              -0.3099966832920984,
              1
            ]
          }
        }
      },
      "children": [
        56
      ]
    },
    {
      "rotation": [
        0.17202600691645537,
        -0.013158636983888104,
        -0.07512568674464871,
        0.9821354460603949
      ],
      "translation": [
        -2.1348037483860907,
        20.822290944094448,
        -0.3099966832920984
      ],
      "scale": [
        1,
        0.9999999999999999,
        1
      ],
      "name": "mixamorigLeftHandMiddle1",
      "extras": {
        "transformData": {
          "eulerOrder": "ZYX",
          "translation": [
            -2.1348037483860907,
            20.822290944094448,
            -0.3099966832920984
          ],
          "preRotation": [
            19.869732640096185,
            9.28629441726444e-7,
            -8.748322865193199
          ],
          "parentMatrixWorld": {
            "elements": [
              0.9581262589836259,
              0.17505783624732615,
              -0.22660279304202377,
              0,
              -0.21751025901452622,
              0.9596273585824816,
              -0.17833849804078467,
              0,
              0.18623468814771224,
              0.22015923016856137,
              0.95752104640165,
              0,
              3.558400685221841e-8,
              46.83821052020261,
              -1.0445441489537188e-7,
              1
            ]
          }
        }
      },
      "children": [
        57
      ]
    },
    {
      "rotation": [
        3.5883391067759115e-8,
        2.7755574941345414e-17,
        -3.4694478791942715e-18,
        0.9999999999999993
      ],
      "translation": [
        0.008189921732657979,
        3.956619574564769,
        1.1498349294924992e-7
      ],
      "name": "mixamorigLeftHandRing4",
      "extras": {
        "transformData": {
          "eulerOrder": "ZYX",
          "translation": [
            0.008189921732657979,
            3.956619574564769,
            1.1498349294924992e-7
          ],
          "preRotation": [
            0.0000041119337256000684,
            3.180554618462457e-15,
            -3.9756932730780715e-16
          ],
          "parentMatrixWorld": {
            "elements": [
              1,
              -6.938893903907231e-18,
              -2.775557561562892e-17,
              0,
              5.3646447910727264e-18,
              0.9984126860424377,
              -0.0563214732542079,
              0,
              2.8102327530476757e-17,
              0.0563214732542079,
              0.9984126860424377,
              0,
              -0.0028786216691401023,
              4.459498906600075,
              2.7511873668117914e-8,
              1
            ]
          }
        }
      }
    },
    {
      "rotation": [
        -0.028171918265909437,
        1.3970020589079725e-17,
        -3.0771059994469613e-18,
        0.9996030927429242
      ],
      "translation": [
        -0.0028786216691401023,
        4.459498906600075,
        2.7511873668117914e-8
      ],
      "scale": [
        1,
        0.9999999999999999,
        0.9999999999999999
      ],
      "name": "mixamorigLeftHandRing3",
      "extras": {
        "transformData": {
          "eulerOrder": "ZYX",
          "translation": [
            -0.0028786216691401023,
            4.459498906600075,
            2.7511873668117914e-8
          ],
          "preRotation": [
            -3.228691209809616,
            1.5902773407317588e-15,
            -3.975693351829397e-16
          ],
          "parentMatrixWorld": {
            "elements": [
              1,
              0,
              0,
              0,
              0,
              0.9999487573502149,
              -0.010123372647541111,
              0,
              0,
              0.010123372647541111,
              0.9999487573502149,
              0,
              -0.00531135628024515,
              4.858823865834921,
              -5.993877039145445e-8,
              1
            ]
          }
        }
      },
      "children": [
        59
      ]
    },
    {
      "rotation": [
        -0.005061751168571519,
        0,
        0,
        0.999987189255496
      ],
      "translation": [
        -0.00531135628024515,
        4.858823865834921,
        -5.993877039145445e-8
      ],
      "name": "mixamorigLeftHandRing2",
      "extras": {
        "transformData": {
          "eulerOrder": "ZYX",
          "translation": [
            -0.00531135628024515,
            4.858823865834921,
            -5.993877039145445e-8
          ],
          "preRotation": [
            -0.580036434710759,
            0,
            0
          ],
          "parentMatrixWorld": {
            "elements": [
              0.9830843043635452,
              -0.18315362544608357,
              -9.030924001673934e-9,
              0,
              0.16546242488260685,
              0.888126066822559,
              0.428782317012093,
              0,
              -0.07853302786733773,
              -0.42152916733750123,
              0.9034078395817366,
              0,
              2.184610635991902,
              19.94840413821848,
              -0.6195578775169395,
              1
            ]
          }
        }
      },
      "children": [
        60
      ]
    },
    {
      "rotation": [
        0.21883235476001342,
        -0.020210905949988665,
        -0.08971826513541206,
        0.9714188348451765
      ],
      "translation": [
        2.184610635991902,
        19.94840413821848,
        -0.6195578775169395
      ],
      "name": "mixamorigLeftHandRing1",
      "extras": {
        "transformData": {
          "eulerOrder": "ZYX",
          "translation": [
            2.184610635991902,
            19.94840413821848,
            -0.6195578775169395
          ],
          "preRotation": [
            25.390307715502402,
            5.174338308188132e-7,
            -10.553503737696989
          ],
          "parentMatrixWorld": {
            "elements": [
              0.9581262589836259,
              0.17505783624732615,
              -0.22660279304202377,
              0,
              -0.21751025901452622,
              0.9596273585824816,
              -0.17833849804078467,
              0,
              0.18623468814771224,
              0.22015923016856137,
              0.95752104640165,
              0,
              3.558400685221841e-8,
              46.83821052020261,
              -1.0445441489537188e-7,
              1
            ]
          }
        }
      },
      "children": [
        61
      ]
    },
    {
      "rotation": [
        3.2642468057375423e-9,
        2.0816681221364237e-17,
        -5.551115047479434e-17,
        1
      ],
      "translation": [
        0.0016420257059053256,
        4.016671055746912,
        1.5767392369525624e-7
      ],
      "name": "mixamorigLeftHandPinky4",
      "extras": {
        "transformData": {
          "eulerOrder": "ZYX",
          "translation": [
            0.0016420257059053256,
            4.016671055746912,
            1.5767392369525624e-7
          ],
          "preRotation": [
            3.7405513051564297e-7,
            2.3854159756710437e-15,
            -6.361109268456116e-15
          ],
          "parentMatrixWorld": {
            "elements": [
              1,
              1.925929944387236e-34,
              -1.3877787807814457e-17,
              0,
              1.1028793270927861e-18,
              0.9968371918463254,
              0.0794708308244751,
              0,
              1.3833895027380933e-17,
              -0.0794708308244751,
              0.9968371918463254,
              0,
              0.007766585626832523,
              4.515241138057377,
